Pickup Length=51 
1, 3301 0 0 990.300000 [35 38 55 53 58 23 15 70 85 60 97 83 51 48 ] [19 21 26 26 27 21 19 41 41 29 49 49 29 27 ] 
2, 3376 0 0 1012.800000 [94 78 59 57 87 90 ] [47 47 28 28 42 42 ] 
3, 3227 0 0 968.100000 [37 14 19 8 95 7 ] [20 20 8 8 48 48 ] 
4, 3357 0 0 1007.100000 [100 101 12 13 28 18 77 96 1 86 ] [51 51 7 7 13 13 39 39 1 1 ] 
5, 3364 0 0 1009.200000 [82 80 9 11 91 81 61 50 ] [40 40 5 5 45 45 30 30 ] 
6, 3359 0 0 1007.700000 [31 39 34 25 2 71 41 43 75 3 ] [16 16 18 18 2 2 23 23 38 38 ] 
7, 3094 0 0 928.200000 [33 16 40 46 98 76 10 102 20 21 ] [17 17 22 22 50 50 6 6 9 9 ] 
8, 3297 0 0 989.100000 [68 49 4 84 45 42 54 73 89 47 ] [35 25 3 44 24 25 35 3 44 24 ] 
9, 2749 0 0 824.700000 [88 79 ] [43 43 ] 
10, 2434 0 0 730.200000 [65 56 72 44 29 17 ] [33 33 37 37 14 14 ] 
11, 1143 0 0 342.900000 [22 30 64 66 69 26 32 52 ] [10 15 32 32 36 10 15 36 ] 
12, 1378 0 0 413.400000 [27 36 ] [12 12 ] 
13, 828 0 0 248.400000 [5 92 ] [4 4 ] 
14, 612 0 0 183.600000 [24 6 ] [11 11 ] 
15, 228 0 0 68.400000 [63 62 ] [31 31 ] 
16, 322 0 0 96.600000 [67 74 ] [34 34 ] 
17, 530 0 0 159.000000 [93 99 ] [46 46 ] 
Sum=36599  Routes=17
