Pickup Length=53 
1, 1187 0 0 356.100000 [71 73 77 80 52 104 49 47 ] [38 38 40 40 28 28 26 26 ] 
2, 1088 0 0 326.400000 [78 76 79 102 99 105 1 75 ] [41 41 42 42 53 53 1 1 ] 
3, 883 0 0 264.900000 [81 70 60 59 34 101 ] [43 43 32 32 20 20 ] 
4, 907 0 0 272.100000 [93 97 51 50 ] [49 49 27 27 ] 
5, 924 0 0 277.200000 [94 100 6 2 ] [50 50 3 3 ] 
6, 988 0 0 296.400000 [16 14 26 21 ] [8 8 14 14 ] 
7, 812 0 0 243.600000 [54 53 37 39 23 106 ] [29 29 21 21 12 12 ] 
8, 822 0 0 246.600000 [19 15 61 68 ] [10 10 33 33 ] 
9, 689 0 0 206.700000 [96 92 46 45 ] [51 51 25 25 ] 
10, 730 0 0 219.000000 [82 88 ] [44 44 ] 
11, 878 0 0 263.400000 [55 58 28 22 ] [30 30 15 15 ] 
12, 494 0 0 148.200000 [57 56 ] [31 31 ] 
13, 592 0 0 177.600000 [31 35 29 30 ] [17 17 16 16 ] 
14, 588 0 0 176.400000 [33 38 ] [19 19 ] 
15, 745 0 0 223.500000 [17 12 ] [9 9 ] 
16, 546 0 0 163.800000 [83 84 ] [45 45 ] 
17, 764 0 0 229.200000 [32 36 ] [18 18 ] 
18, 908 0 0 272.400000 [98 95 74 66 ] [52 52 39 39 ] 
19, 807 0 0 242.100000 [13 18 8 4 ] [7 7 5 5 ] 
20, 921 0 0 276.300000 [86 91 ] [46 46 ] 
21, 819 0 0 245.700000 [87 89 ] [47 47 ] 
22, 646 0 0 193.800000 [90 85 ] [48 48 ] 
23, 714 0 0 214.200000 [42 48 ] [23 23 ] 
24, 994 0 0 298.200000 [41 40 62 69 ] [22 22 34 34 ] 
25, 533 0 0 159.900000 [10 11 ] [6 6 ] 
26, 443 0 0 132.900000 [43 44 ] [24 24 ] 
27, 609 0 0 182.700000 [7 9 ] [4 4 ] 
28, 341 0 0 102.300000 [25 27 ] [13 13 ] 
29, 535 0 0 160.500000 [5 3 63 72 ] [2 2 35 35 ] 
30, 712 0 0 213.600000 [65 103 67 64 ] [36 36 37 37 ] 
31, 210 0 0 63.000000 [20 24 ] [11 11 ] 
Sum=22829  Routes=31
