Pickup Length=51 
1, 3307 0 0 992.100000 [85 70 94 78 95 7 31 102 ] [41 41 47 47 48 48 14 14 ] 
2, 3270 0 0 981.000000 [53 42 12 8 77 96 ] [27 27 6 6 39 39 ] 
3, 3306 0 0 991.800000 [56 40 16 9 34 21 87 90 ] [28 28 9 9 17 17 42 42 ] 
4, 3117 0 0 935.100000 [35 38 17 26 13 10 75 3 ] [18 20 20 18 7 7 38 38 ] 
5, 2894 0 0 868.200000 [97 83 39 28 14 25 91 81 ] [49 49 21 21 8 8 45 45 ] 
6, 2654 0 0 796.200000 [37 18 82 80 ] [19 19 40 40 ] 
7, 2807 0 0 842.100000 [100 101 33 11 ] [51 51 16 16 ] 
8, 2679 0 0 803.700000 [32 23 44 43 ] [15 15 22 22 ] 
9, 2866 0 0 859.800000 [49 48 98 76 51 50 47 41 ] [25 25 50 50 26 26 24 24 ] 
10, 2621 0 0 786.300000 [93 67 99 86 45 59 1 52 ] [46 34 46 1 23 34 1 23 ] 
11, 2749 0 0 824.700000 [88 79 ] [43 43 ] 
12, 2559 0 0 767.700000 [4 73 ] [3 3 ] 
13, 2373 0 0 711.900000 [65 57 2 71 ] [33 33 2 2 ] 
14, 1966 0 0 589.800000 [6 19 ] [5 5 ] 
15, 1577 0 0 473.100000 [72 58 ] [36 36 ] 
16, 1670 0 0 501.000000 [61 60 ] [29 29 ] 
17, 2124 0 0 637.200000 [64 46 ] [32 32 ] 
18, 1762 0 0 528.600000 [89 84 ] [44 44 ] 
19, 1190 0 0 357.000000 [68 55 ] [35 35 ] 
20, 1378 0 0 413.400000 [29 36 ] [13 13 ] 
21, 785 0 0 235.500000 [74 69 ] [37 37 ] 
22, 1290 0 0 387.000000 [62 54 ] [30 30 ] 
23, 2342 0 0 702.600000 [27 15 ] [12 12 ] 
24, 828 0 0 248.400000 [5 92 ] [4 4 ] 
25, 413 0 0 123.900000 [24 30 ] [11 11 ] 
26, 694 0 0 208.200000 [63 66 ] [31 31 ] 
27, 204 0 0 61.200000 [20 22 ] [10 10 ] 
Sum=55425  Routes=27
