pickup Length=52 
1, 1230 0 0 369.000000 [76 70 77 80 71 73 46 101 ] [40 37 40 37 38 38 27 27 ] 
2, 1136 0 0 340.800000 [55 41 44 58 79 60 59 63 ] [30 23 23 32 41 32 30 41 ] 
3, 1169 0 0 350.700000 [81 78 93 102 94 99 96 95 26 103 ] [42 42 48 48 49 49 50 50 14 14 ] 
4, 1233 0 0 369.900000 [97 100 18 16 85 91 ] [51 51 10 10 44 44 ] 
5, 1181 0 0 354.300000 [54 56 37 39 36 34 83 82 ] [29 29 21 21 20 20 43 43 ] 
6, 1189 0 0 356.700000 [67 65 35 104 15 45 14 86 89 50 ] [36 36 19 19 8 26 8 45 45 26 ] 
7, 1076 0 0 322.800000 [57 53 31 38 72 68 52 47 ] [31 31 17 17 39 39 28 28 ] 
8, 1148 0 0 344.400000 [17 19 98 92 61 66 29 28 ] [9 9 52 52 33 33 16 16 ] 
9, 1232 0 0 369.600000 [32 33 64 69 43 51 ] [18 18 35 35 25 25 ] 
10, 1169 0 0 350.700000 [13 12 90 84 1 75 4 2 20 24 ] [7 7 47 47 1 1 3 3 11 11 ] 
11, 1004 0 0 301.200000 [87 88 22 21 ] [46 46 12 12 ] 
12, 692 0 0 207.600000 [40 48 7 9 ] [22 22 5 5 ] 
13, 1110 0 0 333.000000 [42 49 ] [24 24 ] 
14, 464 0 0 139.200000 [62 74 ] [34 34 ] 
15, 559 0 0 167.700000 [27 30 ] [15 15 ] 
16, 730 0 0 219.000000 [10 6 ] [6 6 ] 
17, 557 0 0 167.100000 [3 8 5 11 ] [2 2 4 4 ] 
18, 835 0 0 250.500000 [25 23 ] [13 13 ] 
Sum=17714  Routes=18
