Pickup Length=51 
1, 3326 0 0 997.800000 [70 73 81 87 82 102 ] [36 36 40 40 41 41 ] 
2, 3315 0 0 994.500000 [92 38 53 4 60 56 97 34 7 51 16 12 37 28 35 39 18 19 ] [46 21 26 49 28 28 49 21 46 26 9 9 20 20 19 19 10 10 ] 
3, 3347 0 0 1004.100000 [95 79 26 101 31 36 40 45 ] [48 48 14 14 17 17 22 22 ] 
4, 3376 0 0 1012.800000 [74 15 11 83 98 3 90 42 ] [38 8 8 50 50 3 3 38 ] 
5, 3381 0 0 1014.300000 [99 55 44 86 33 25 1 80 88 71 61 41 ] [51 27 27 51 18 18 1 1 43 43 29 29 ] 
6, 3363 0 0 1008.900000 [84 23 85 17 46 43 6 32 72 54 50 48 64 57 ] [42 13 42 13 23 23 5 5 37 37 24 24 32 32 ] 
7, 3254 0 0 976.200000 [65 58 9 10 89 96 52 47 ] [33 33 7 7 44 44 25 25 ] 
8, 3209 0 0 962.700000 [91 76 30 14 2 94 75 78 63 66 ] [45 45 16 16 2 2 39 39 31 31 ] 
9, 3232 0 0 969.600000 [29 13 5 77 22 24 ] [15 15 4 4 12 12 ] 
10, 3282 0 0 984.600000 [67 62 69 49 59 68 8 21 20 27 ] [34 30 35 35 30 34 6 6 11 11 ] 
11, 630 0 0 189.000000 [93 100 ] [47 47 ] 
Sum=33715  Routes=11
