1, 3090 0 0 [71 87 ] [37 37 ] 
2, 3048 0 0 [76 80 70 90 81 102 ] [41 43 41 43 44 44 ] 
3, 2955 0 0 [60 78 79 42 ] [31 42 42 31 ] 
4, 2703 0 0 [53 25 17 50 47 43 ] [27 10 10 25 27 25 ] 
5, 2823 0 0 [38 18 4 13 14 19 101 77 ] [22 11 4 22 11 12 12 4 ] 
6, 2588 0 0 [94 91 16 9 52 41 ] [50 50 9 9 26 26 ] 
7, 2525 0 0 [97 98 59 51 82 73 46 45 ] [51 51 30 30 45 45 23 23 ] 
8, 2827 0 0 [54 58 35 12 86 96 ] [28 28 19 19 47 47 ] 
9, 2105 0 0 [37 28 55 57 84 85 ] [21 21 29 29 46 46 ] 
10, 1742 0 0 [31 26 49 23 36 44 ] [18 20 24 18 20 24 ] 
11, 1873 0 0 [3 88 89 83 ] [3 48 3 48 ] 
12, 1984 0 0 [1 6 100 15 ] [1 6 1 6 ] 
13, 2705 0 0 [72 64 61 48 ] [38 38 32 32 ] 
14, 1175 0 0 [2 32 30 7 ] [2 17 17 2 ] 
15, 1218 0 0 [74 33 66 65 29 56 ] [39 16 34 39 16 34 ] 
16, 1590 0 0 [62 40 ] [33 33 ] 
17, 979 0 0 [75 95 ] [40 40 ] 
18, 1076 0 0 [24 68 69 34 ] [15 36 36 15 ] 
19, 964 0 0 [5 22 99 39 ] [5 14 5 14 ] 
20, 421 0 0 [67 63 20 27 ] [35 35 13 13 ] 
21, 780 0 0 [93 92 ] [49 49 ] 
22, 0 0 0 [] [] 
23, 0 0 0 [] [] 
24, 0 0 0 [] [] 
25, 0 0 0 [] [] 
26, 0 0 0 [] [] 
27, 0 0 0 [] [] 
28, 0 0 0 [] [] 
29, 0 0 0 [] [] 
30, 0 0 0 [] [] 
31, 0 0 0 [] [] 
32, 0 0 0 [] [] 
33, 0 0 0 [] [] 
34, 0 0 0 [] [] 
35, 0 0 0 [] [] 
36, 0 0 0 [] [] 
37, 0 0 0 [] [] 
38, 0 0 0 [] [] 
39, 0 0 0 [] [] 
40, 0 0 0 [] [] 
41, 0 0 0 [] [] 
42, 0 0 0 [] [] 
43, 0 0 0 [] [] 
44, 0 0 0 [] [] 
45, 0 0 0 [] [] 
46, 0 0 0 [] [] 
47, 0 0 0 [] [] 
48, 0 0 0 [] [] 
49, 0 0 0 [] [] 
50, 0 0 0 [] [] 
51, 0 0 0 [] [] 
52, 0 0 0 [] [] 
53, 0 0 0 [] [] 
54, 0 0 0 [] [] 
55, 0 0 0 [] [] 
56, 0 0 0 [] [] 
57, 0 0 0 [] [] 
58, 0 0 0 [] [] 
59, 0 0 0 [] [] 
60, 0 0 0 [] [] 
61, 0 0 0 [] [] 
62, 0 0 0 [] [] 
63, 0 0 0 [] [] 
64, 0 0 0 [] [] 
65, 0 0 0 [] [] 
66, 0 0 0 [] [] 
67, 0 0 0 [] [] 
68, 0 0 0 [] [] 
69, 0 0 0 [] [] 
70, 0 0 0 [] [] 
71, 0 0 0 [] [] 
72, 0 0 0 [] [] 
73, 0 0 0 [] [] 
74, 0 0 0 [] [] 
75, 0 0 0 [] [] 
76, 0 0 0 [] [] 
77, 0 0 0 [] [] 
78, 0 0 0 [] [] 
79, 0 0 0 [] [] 
80, 0 0 0 [] [] 
81, 0 0 0 [] [] 
82, 0 0 0 [] [] 
83, 0 0 0 [] [] 
84, 0 0 0 [] [] 
85, 0 0 0 [] [] 
86, 0 0 0 [] [] 
87, 0 0 0 [] [] 
88, 0 0 0 [] [] 
89, 0 0 0 [] [] 
90, 0 0 0 [] [] 
91, 0 0 0 [] [] 
92, 0 0 0 [] [] 
93, 0 0 0 [] [] 
94, 0 0 0 [] [] 
95, 0 0 0 [] [] 
96, 0 0 0 [] [] 
97, 0 0 0 [] [] 
98, 0 0 0 [] [] 
99, 0 0 0 [] [] 
100, 0 0 0 [] [] 
101, 0 0 0 [] [] 
102, 0 0 0 [] [] 
103, 0 0 0 [] [] 
104, 0 0 0 [] [] 
105, 0 0 0 [] [] 
106, 0 0 0 [] [] 
107, 0 0 0 [] [] 
108, 0 0 0 [] [] 
109, 0 0 0 [] [] 
110, 0 0 0 [] [] 
111, 0 0 0 [] [] 
112, 0 0 0 [] [] 
113, 0 0 0 [] [] 
114, 0 0 0 [] [] 
115, 0 0 0 [] [] 
116, 0 0 0 [] [] 
117, 0 0 0 [] [] 
118, 0 0 0 [] [] 
119, 0 0 0 [] [] 
120, 0 0 0 [] [] 
121, 0 0 0 [] [] 
122, 0 0 0 [] [] 
123, 0 0 0 [] [] 
124, 0 0 0 [] [] 
125, 0 0 0 [] [] 
126, 0 0 0 [] [] 
127, 0 0 0 [] [] 
128, 0 0 0 [] [] 
129, 0 0 0 [] [] 
130, 0 0 0 [] [] 
131, 0 0 0 [] [] 
132, 0 0 0 [] [] 
133, 0 0 0 [] [] 
134, 0 0 0 [] [] 
135, 0 0 0 [] [] 
136, 0 0 0 [] [] 
137, 0 0 0 [] [] 
138, 0 0 0 [] [] 
139, 0 0 0 [] [] 
140, 0 0 0 [] [] 
141, 0 0 0 [] [] 
142, 0 0 0 [] [] 
143, 0 0 0 [] [] 
144, 0 0 0 [] [] 
145, 0 0 0 [] [] 
146, 0 0 0 [] [] 
147, 0 0 0 [] [] 
148, 0 0 0 [] [] 
149, 0 0 0 [] [] 
150, 0 0 0 [] [] 
151, 0 0 0 [] [] 
152, 0 0 0 [] [] 
153, 0 0 0 [] [] 
154, 0 0 0 [] [] 
155, 0 0 0 [] [] 
156, 0 0 0 [] [] 
157, 0 0 0 [] [] 
158, 0 0 0 [] [] 
159, 0 0 0 [] [] 
160, 0 0 0 [] [] 
161, 0 0 0 [] [] 
162, 0 0 0 [] [] 
163, 0 0 0 [] [] 
164, 0 0 0 [] [] 
165, 0 0 0 [] [] 
166, 0 0 0 [] [] 
167, 0 0 0 [] [] 
168, 0 0 0 [] [] 
169, 0 0 0 [] [] 
170, 0 0 0 [] [] 
171, 0 0 0 [] [] 
172, 0 0 0 [] [] 
173, 0 0 0 [] [] 
174, 0 0 0 [] [] 
175, 0 0 0 [] [] 
176, 0 0 0 [] [] 
177, 0 0 0 [] [] 
178, 0 0 0 [] [] 
179, 0 0 0 [] [] 
180, 0 0 0 [] [] 
181, 0 0 0 [] [] 
182, 0 0 0 [] [] 
183, 0 0 0 [] [] 
184, 0 0 0 [] [] 
185, 0 0 0 [] [] 
186, 0 0 0 [] [] 
187, 0 0 0 [] [] 
188, 0 0 0 [] [] 
189, 0 0 0 [] [] 
190, 0 0 0 [] [] 
191, 0 0 0 [] [] 
192, 0 0 0 [] [] 
193, 0 0 0 [] [] 
194, 0 0 0 [] [] 
195, 0 0 0 [] [] 
196, 0 0 0 [] [] 
197, 0 0 0 [] [] 
198, 0 0 0 [] [] 
199, 0 0 0 [] [] 
200, 0 0 0 [] [] 
201, 0 0 0 [] [] 
202, 0 0 0 [] [] 
203, 0 0 0 [] [] 
204, 0 0 0 [] [] 
205, 0 0 0 [] [] 
206, 0 0 0 [] [] 
207, 0 0 0 [] [] 
208, 0 0 0 [] [] 
209, 0 0 0 [] [] 
210, 0 0 0 [] [] 
211, 0 0 0 [] [] 
212, 0 0 0 [] [] 
213, 0 0 0 [] [] 
214, 0 0 0 [] [] 
215, 0 0 0 [] [] 
216, 0 0 0 [] [] 
217, 0 0 0 [] [] 
218, 0 0 0 [] [] 
219, 0 0 0 [] [] 
220, 0 0 0 [] [] 
221, 0 0 0 [] [] 
222, 0 0 0 [] [] 
223, 0 0 0 [] [] 
224, 0 0 0 [] [] 
225, 0 0 0 [] [] 
226, 0 0 0 [] [] 
227, 0 0 0 [] [] 
228, 0 0 0 [] [] 
229, 0 0 0 [] [] 
230, 0 0 0 [] [] 
231, 0 0 0 [] [] 
232, 0 0 0 [] [] 
233, 0 0 0 [] [] 
234, 0 0 0 [] [] 
235, 0 0 0 [] [] 
236, 0 0 0 [] [] 
237, 0 0 0 [] [] 
238, 0 0 0 [] [] 
239, 0 0 0 [] [] 
240, 0 0 0 [] [] 
241, 0 0 0 [] [] 
242, 0 0 0 [] [] 
243, 0 0 0 [] [] 
244, 0 0 0 [] [] 
245, 0 0 0 [] [] 
246, 0 0 0 [] [] 
247, 0 0 0 [] [] 
248, 0 0 0 [] [] 
249, 0 0 0 [] [] 
250, 0 0 0 [] [] 
251, 0 0 0 [] [] 
252, 0 0 0 [] [] 
253, 0 0 0 [] [] 
254, 0 0 0 [] [] 
255, 0 0 0 [] [] 
256, 0 0 0 [] [] 
257, 0 0 0 [] [] 
258, 0 0 0 [] [] 
259, 0 0 0 [] [] 
260, 0 0 0 [] [] 
261, 0 0 0 [] [] 
262, 0 0 0 [] [] 
263, 0 0 0 [] [] 
264, 0 0 0 [] [] 
265, 0 0 0 [] [] 
266, 0 0 0 [] [] 
267, 0 0 0 [] [] 
268, 0 0 0 [] [] 
269, 0 0 0 [] [] 
270, 0 0 0 [] [] 
271, 0 0 0 [] [] 
272, 0 0 0 [] [] 
273, 0 0 0 [] [] 
274, 0 0 0 [] [] 
275, 0 0 0 [] [] 
276, 0 0 0 [] [] 
277, 0 0 0 [] [] 
278, 0 0 0 [] [] 
279, 0 0 0 [] [] 
280, 0 0 0 [] [] 
281, 0 0 0 [] [] 
282, 0 0 0 [] [] 
283, 0 0 0 [] [] 
284, 0 0 0 [] [] 
285, 0 0 0 [] [] 
286, 0 0 0 [] [] 
287, 0 0 0 [] [] 
288, 0 0 0 [] [] 
289, 0 0 0 [] [] 
290, 0 0 0 [] [] 
291, 0 0 0 [] [] 
292, 0 0 0 [] [] 
293, 0 0 0 [] [] 
294, 0 0 0 [] [] 
295, 0 0 0 [] [] 
296, 0 0 0 [] [] 
297, 0 0 0 [] [] 
298, 0 0 0 [] [] 
299, 0 0 0 [] [] 
300, 0 0 0 [] [] 
301, 0 0 0 [] [] 
302, 0 0 0 [] [] 
303, 0 0 0 [] [] 
304, 0 0 0 [] [] 
305, 0 0 0 [] [] 
306, 0 0 0 [] [] 
307, 0 0 0 [] [] 
308, 0 0 0 [] [] 
309, 0 0 0 [] [] 
310, 0 0 0 [] [] 
311, 0 0 0 [] [] 
312, 0 0 0 [] [] 
313, 0 0 0 [] [] 
314, 0 0 0 [] [] 
315, 0 0 0 [] [] 
316, 0 0 0 [] [] 
317, 0 0 0 [] [] 
318, 0 0 0 [] [] 
319, 0 0 0 [] [] 
320, 0 0 0 [] [] 
321, 0 0 0 [] [] 
322, 0 0 0 [] [] 
323, 0 0 0 [] [] 
324, 0 0 0 [] [] 
325, 0 0 0 [] [] 
326, 0 0 0 [] [] 
327, 0 0 0 [] [] 
328, 0 0 0 [] [] 
329, 0 0 0 [] [] 
330, 0 0 0 [] [] 
331, 0 0 0 [] [] 
332, 0 0 0 [] [] 
333, 0 0 0 [] [] 
334, 0 0 0 [] [] 
335, 0 0 0 [] [] 
336, 0 0 0 [] [] 
337, 0 0 0 [] [] 
338, 0 0 0 [] [] 
339, 0 0 0 [] [] 
340, 0 0 0 [] [] 
341, 0 0 0 [] [] 
342, 0 0 0 [] [] 
343, 0 0 0 [] [] 
344, 0 0 0 [] [] 
345, 0 0 0 [] [] 
346, 0 0 0 [] [] 
347, 0 0 0 [] [] 
348, 0 0 0 [] [] 
349, 0 0 0 [] [] 
350, 0 0 0 [] [] 
351, 0 0 0 [] [] 
352, 0 0 0 [] [] 
353, 0 0 0 [] [] 
354, 0 0 0 [] [] 
355, 0 0 0 [] [] 
356, 0 0 0 [] [] 
357, 0 0 0 [] [] 
358, 0 0 0 [] [] 
359, 0 0 0 [] [] 
360, 0 0 0 [] [] 
361, 0 0 0 [] [] 
362, 0 0 0 [] [] 
363, 0 0 0 [] [] 
364, 0 0 0 [] [] 
365, 0 0 0 [] [] 
366, 0 0 0 [] [] 
367, 0 0 0 [] [] 
368, 0 0 0 [] [] 
369, 0 0 0 [] [] 
370, 0 0 0 [] [] 
371, 0 0 0 [] [] 
372, 0 0 0 [] [] 
373, 0 0 0 [] [] 
374, 0 0 0 [] [] 
375, 0 0 0 [] [] 
376, 0 0 0 [] [] 
377, 0 0 0 [] [] 
378, 0 0 0 [] [] 
379, 0 0 0 [] [] 
380, 0 0 0 [] [] 
381, 0 0 0 [] [] 
382, 0 0 0 [] [] 
383, 0 0 0 [] [] 
384, 0 0 0 [] [] 
385, 0 0 0 [] [] 
386, 0 0 0 [] [] 
387, 0 0 0 [] [] 
388, 0 0 0 [] [] 
389, 0 0 0 [] [] 
390, 0 0 0 [] [] 
391, 0 0 0 [] [] 
392, 0 0 0 [] [] 
393, 0 0 0 [] [] 
394, 0 0 0 [] [] 
395, 0 0 0 [] [] 
396, 0 0 0 [] [] 
397, 0 0 0 [] [] 
398, 0 0 0 [] [] 
399, 0 0 0 [] [] 
400, 0 0 0 [] [] 
401, 0 0 0 [] [] 
402, 0 0 0 [] [] 
403, 0 0 0 [] [] 
404, 0 0 0 [] [] 
405, 0 0 0 [] [] 
406, 0 0 0 [] [] 
407, 0 0 0 [] [] 
408, 0 0 0 [] [] 
409, 0 0 0 [] [] 
410, 0 0 0 [] [] 
411, 0 0 0 [] [] 
412, 0 0 0 [] [] 
413, 0 0 0 [] [] 
414, 0 0 0 [] [] 
415, 0 0 0 [] [] 
416, 0 0 0 [] [] 
417, 0 0 0 [] [] 
418, 0 0 0 [] [] 
419, 0 0 0 [] [] 
420, 0 0 0 [] [] 
421, 0 0 0 [] [] 
422, 0 0 0 [] [] 
423, 0 0 0 [] [] 
424, 0 0 0 [] [] 
425, 0 0 0 [] [] 
426, 0 0 0 [] [] 
427,