2, 1201 0 0 [71 77 79 80 49 47 ] [39 39 42 42 26 26 ] 
3, 866 0 0 [76 73 100 99 ] [40 40 53 53 ] 
4, 1076 0 0 [78 104 53 58 36 105 51 101 50 52 ] [41 41 29 29 20 20 28 28 27 27 ] 
5, 935 0 0 [81 70 97 106 6 2 ] [43 43 51 51 3 3 ] 
6, 1023 0 0 [56 59 66 69 ] [31 31 37 37 ] 
7, 857 0 0 [92 93 64 102 23 103 ] [49 49 35 35 12 12 ] 
8, 873 0 0 [38 34 ] [21 21 ] 
9, 696 0 0 [16 14 ] [8 8 ] 
10, 697 0 0 [54 60 ] [30 30 ] 
11, 746 0 0 [19 15 45 48 ] [10 10 25 25 ] 
12, 697 0 0 [35 39 ] [19 19 ] 
13, 674 0 0 [96 94 82 85 ] [50 50 44 44 ] 
14, 780 0 0 [18 12 ] [9 9 ] 
15, 851 0 0 [57 55 84 89 ] [32 32 45 45 ] 
16, 1014 0 0 [33 37 30 21 ] [18 18 16 16 ] 
17, 835 0 0 [32 31 44 46 9 4 ] [17 17 24 24 5 5 ] 
18, 727 0 0 [98 95 29 26 ] [52 52 15 15 ] 
19, 1020 0 0 [13 17 11 1 ] [7 7 6 6 ] 
20, 948 0 0 [86 91 ] [46 46 ] 
21, 914 0 0 [87 83 28 22 ] [47 47 14 14 ] 
22, 761 0 0 [90 88 ] [48 48 ] 
23, 374 0 0 [42 40 ] [22 22 ] 
24, 463 0 0 [8 10 ] [4 4 ] 
25, 844 0 0 [62 68 ] [33 33 ] 
26, 274 0 0 [43 41 ] [23 23 ] 
27, 1102 0 0 [3 75 ] [1 1 ] 
28, 368 0 0 [25 27 ] [13 13 ] 
29, 276 0 0 [5 7 ] [2 2 ] 
30, 462 0 0 [63 74 ] [34 34 ] 
31, 563 0 0 [65 72 ] [36 36 ] 
32, 643 0 0 [67 61 ] [38 38 ] 
33, 210 0 0 [20 24 ] [11 11 ] 
Sum=23770  Routes=32
